2222 2222 2222 2222 2222 2222 2222 2222 222C2 222C2 222C2 222C2 222C2 2222 2222 2222 2222 2222 2222 2222 2222 2222 2222 2222 2222 2222 2222 2222 2222
222C2 0000 0000 0000 C2222 0000 0000 22C22 0000 0000 0000 0000 0000 C2222 0000 0000 0000 2222 0000 0000 0000 0000 0000 2222 0000 0000 0000 0000 2222
2222 0000 0000 0000 2222 0000 0000 22C22 0000 0000 0000 0000 0000 C2222 0000 0000 0000 2222 0000 0000 0000 0000 0000 2222 0000 0000 0000 0000 2222
222C2 0000 0000 0000 C2222 0000 0000 22C22 0000 0000 0000 0000 0000 D2222 0000 0000 0000 2222 0000 0000 0000 0000 0000 2222 0000 0000 0000 0000 2222
2222 0000 0000 0000 D2222 0000 0000 22C22 0000 0000 0000 0000 0000 C2222 0000 0000 0000 2222 0000 0000 0000 0000 0000 2222 0000 0000 0000 0000 2222
2222 0000 0000 0000 2222 0000 0000 22C22 0000 0000 0000 0000 0000 C2222 0000 0000 0000 2222 0000 0000 0000 0000 0000 2222 0000 0000 0000 0000 2222
222C2 0000 0000 0000 C2222 0000 0000 22C22 0000 0000 0000 0000 0000 C2222 0000 0000 0000 2222 0000 0000 0000 0000 0000 2222 2222 2222 2222 222D2 2222
2222 0000 0000 0000 2222 0000 0000 22C22 0000 0000 0000 0000 0000 C2222 0000 0000 0000 2222 0000 0000 0000 0000 0000 0000 0000 0000 0000 0000 2222
222C2 0000 0000 0000 C2222 0000 0000 22C22 0000 0000 0000 0000 0000 C2222 0000 0000 0000 2222 0000 0000 0000 0000 0000 0000 0000 0000 0000 0000 2222
2222 0000 0000 0000 2222 2222 222D2 2222 2C222 2C222 2C222 0000 2C222 2222 0000 0000 0000 2222 0000 0000 0000 0000 0000 0000 0000 0000 0000 0000 2222
222C2 0000 0000 0000 C2222 0000 0000 0000 0000 2222 0000 0000 0000 0000 0000 0000 0000 2222 0000 0000 0000 0000 0000 0000 0000 0000 0000 0000 2222
2222 0000 0000 0000 2222 0000 0000 0000 0000 2222 0000 0000 0000 0000 0000 0000 0000 2222 0000 0000 0000 0000 0000 0000 0000 0000 0000 0000 2222
222C2 0000 0000 0000 C2222 0000 0000 0000 0000 D2222 0000 0000 0000 0000 0000 0000 0000 2222 0000 0000 0000 0000 0000 0000 0000 0000 0000 0000 2222
2222 0000 0000 0000 2222 0000 0000 0000 0000 2222 0000 0000 0000 0000 0000 0000 0000 2222 0000 0000 0000 0000 0000 0000 0000 0000 0000 0000 2222
222C2 0000 0000 0000 C2222 0000 0000 0000 0000 2222 0000 0000 0000 0000 0000 0000 0000 2222 0000 0000 0000 0000 0000 0000 0000 0000 0000 0000 2222
2222 0000 0000 0000 D2222 0000 0000 0000 0000 2222 0000 0000 0000 0000 0000 0000 0000 2222 0000 0000 0000 0000 0000 0000 0000 0000 0000 0000 2222
222C2 0000 0000 0000 C2222 0000 0000 0000 0000 2222 2222 2222 2222 2222 222D2 2222 2222 2222 2222 2222 222D2 2222 2222 2222 222D2 2222 2222 2222 2222
2222 0000 0000 0000 2222 0000 0000 0000 0000 2222 0000 0000 0000 0000 0000 0000 0000 0000 0000 0000 0000 0000 0000 2222 0000 0000 0000 0000 2222
222C2 0000 0000 0000 C2222 0000 0000 0000 0000 2222 0000 0000 0000 0000 0000 0000 0000 0000 0000 0000 0000 0000 0000 2222 0000 0000 0000 0000 2222
2222 0000 0000 0000 2222 0000 0000 0000 0000 2222 0000 0000 0000 0000 0000 0000 0000 0000 0000 0000 0000 0000 0000 2222 0000 0000 0000 0000 2222
222C2 0000 0000 0000 C2222 0000 0000 0000 0000 2222 0000 0000 0000 0000 0000 0000 0000 0000 0000 0000 0000 0000 0000 2222 0000 0000 0000 0000 2222
2222 0000 0000 0000 2222 0000 0000 0000 0000 D2222 0000 0000 0000 0000 0000 0000 0000 0000 0000 0000 0000 0000 0000 2222 0000 0000 0000 0000 2222
222C2 0000 0000 0000 C2222 0000 0000 0000 0000 2222 0000 0000 0000 0000 0000 0000 0000 0000 0000 0000 0000 0000 0000 2222 0000 0000 0000 0000 2222
2222 0000 0000 0000 2222 0000 0000 0000 0000 2222 0000 0000 0000 0000 0000 0000 0000 0000 0000 0000 0000 0000 0000 2222 0000 0000 0000 0000 2222
222C2 0000 0000 0000 C2222 0000 0000 0000 0000 2222 0000 0000 0000 0000 0000 0000 0000 0000 0000 0000 0000 0000 0000 2222 2222 2222 222D2 2222 2222
2222 0000 0000 0000 2222 0000 0000 0000 0000 2222 0000 0000 0000 0000 0000 0000 0000 0000 0000 0000 0000 0000 0000 2222 0000 0000 0000 0000 2222
222C2 0000 0000 0000 C2222 0000 0000 0000 0000 2222 0000 0000 0000 0000 0000 0000 0000 0000 0000 0000 0000 0000 0000 2222 0000 0000 0000 0000 2222
2222 0000 0000 0000 2222 2222 2222 222D2 2222 2222 222D2 2222 2222 2222 2222 2222 0000 0000 0000 0000 0000 0000 0000 2222 0000 0000 0000 0000 2222
222C2 0000 0000 0000 C2222 0000 0000 0000 0000 0000 0000 0000 2222 0000 0000 2222 0000 0000 0000 0000 0000 0000 0000 2222 0000 0000 0000 0000 2222
2222 0000 0000 0000 2222 0000 0000 0000 0000 0000 0000 0000 2222 0000 0000 2222 0000 0000 0000 0000 0000 0000 0000 2222 0000 0000 0000 0000 2222
222C2 0000 0000 0000 C2222 0000 0000 0000 0000 0000 0000 0000 2222 0000 0000 2222 0000 0000 0000 0000 0000 0000 0000 D2222 0000 0000 0000 0000 2222
2222 0000 0000 0000 2222 0000 0000 0000 0000 0000 0000 0000 D2222 0000 0000 2222 0000 0000 0000 0000 0000 0000 0000 2222 0000 0000 0000 0000 2222
222C2 0000 0000 0000 2222 0000 0000 0000 0000 0000 0000 0000 2222 0000 0000 2222 0000 0000 0000 0000 0000 0000 0000 2222 0000 0000 0000 0000 2222
2222 0000 0000 0000 2222 0000 0000 0000 0000 0000 0000 0000 2222 0000 0000 2222 0000 0000 0000 0000 0000 0000 0000 2222 0000 0000 0000 0000 2222
222C2 0000 0000 0000 D2222 0000 0000 0000 0000 0000 0000 0000 2222 0000 0000 2222 0000 0000 0000 0000 0000 0000 0000 2222 0000 0000 0000 0000 2222
2222 2222 2222 2222 2222 2222 2222 2222 2222 2222 2222 2222 2222 2222 2222 2222 2222 2222 2222 2222 2222 2222 2222 2222 2222 2222 2222 2222 2222